0.000016 0.000078 -0.680417 0.000000 0.000000 0.000000 0.000000 0.000000 0.000000
0.000016 0.000078 -0.429583 0.000000 0.000000 0.000000 0.000000 0.000000 0.000000
19.999938 0.000078 -0.567083 0.000000 0.000000 0.000000 0.000000 0.000000 0.000000
19.999938 0.000078 -0.319583 0.000000 0.000000 0.000000 0.000000 0.000000 0.000000
40.000094 0.000078 -0.437083 0.000000 0.000000 0.000000 0.000000 0.000000 0.000000
40.000094 0.000078 -0.187083 0.000000 0.000000 0.000000 0.000000 0.000000 0.000000
60.000016 0.000078 -0.343750 0.000000 0.000000 0.000000 0.000000 0.000000 0.000000
60.000016 0.000078 -0.097917 0.000000 0.000000 0.000000 0.000000 0.000000 0.000000
79.999938 0.000078 -0.255417 0.000000 0.000000 0.000000 0.000000 0.000000 0.000000
79.999938 0.000078 -0.012917 0.000000 0.000000 0.000000 0.000000 0.000000 0.000000
100.000094 0.000078 -0.173750 0.000000 0.000000 0.000000 0.000000 0.000000 0.000000
100.000094 0.000078 0.070417 0.000000 0.000000 0.000000 0.000000 0.000000 0.000000
120.000016 0.000078 -0.083750 0.000000 0.000000 0.000000 0.000000 0.000000 0.000000
120.000016 0.000078 0.156250 0.000000 0.000000 0.000000 0.000000 0.000000 0.000000
139.999938 0.000078 -0.042917 0.000000 0.000000 0.000000 0.000000 0.000000 0.000000
139.999938 0.000078 0.205417 0.000000 0.000000 0.000000 0.000000 0.000000 0.000000
160.000094 0.000078 0.022917 0.000000 0.000000 0.000000 0.000000 0.000000 0.000000
160.000094 0.000078 0.267917 0.000000 0.000000 0.000000 0.000000 0.000000 0.000000
0.000016 19.999999 -0.583750 0.000000 0.000000 0.000000 0.000000 0.000000 0.000000
0.000016 19.999999 -0.345417 0.000000 0.000000 0.000000 0.000000 0.000000 0.000000
19.999938 19.999999 -0.491250 0.000000 0.000000 0.000000 0.000000 0.000000 0.000000
19.999938 19.999999 -0.244583 0.000000 0.000000 0.000000 0.000000 0.000000 0.000000
40.000094 19.999999 -0.398750 0.000000 0.000000 0.000000 0.000000 0.000000 0.000000
40.000094 19.999999 -0.149583 0.000000 0.000000 0.000000 0.000000 0.000000 0.000000
60.000016 19.999999 -0.292917 0.000000 0.000000 0.000000 0.000000 0.000000 0.000000
60.000016 19.999999 -0.050417 0.000000 0.000000 0.000000 0.000000 0.000000 0.000000
79.999938 19.999999 -0.220417 0.000000 0.000000 0.000000 0.000000 0.000000 0.000000
79.999938 19.999999 0.027917 0.000000 0.000000 0.000000 0.000000 0.000000 0.000000
100.000094 19.999999 -0.132917 0.000000 0.000000 0.000000 0.000000 0.000000 0.000000
100.000094 19.999999 0.107083 0.000000 0.000000 0.000000 0.000000 0.000000 0.000000
120.000016 19.999999 -0.071250 0.000000 0.000000 0.000000 0.000000 0.000000 0.000000
120.000016 19.999999 0.178750 0.000000 0.000000 0.000000 0.000000 0.000000 0.000000
139.999938 19.999999 0.011250 0.000000 0.000000 0.000000 0.000000 0.000000 0.000000
139.999938 19.999999 0.251250 0.000000 0.000000 0.000000 0.000000 0.000000 0.000000
160.000094 19.999999 0.046250 0.000000 0.000000 0.000000 0.000000 0.000000 0.000000
160.000094 19.999999 0.286250 0.000000 0.000000 0.000000 0.000000 0.000000 0.000000
0.000016 39.999921 -0.502917 0.000000 0.000000 0.000000 0.000000 0.000000 0.000000
0.000016 39.999921 -0.266250 0.000000 0.000000 0.000000 0.000000 0.000000 0.000000
19.999938 39.999921 -0.444583 0.000000 0.000000 0.000000 0.000000 0.000000 0.000000
19.999938 39.999921 -0.200417 0.000000 0.000000 0.000000 0.000000 0.000000 0.000000
40.000094 39.999921 -0.345417 0.000000 0.000000 0.000000 0.000000 0.000000 0.000000
40.000094 39.999921 -0.104583 0.000000 0.000000 0.000000 0.000000 0.000000 0.000000
60.000016 39.999921 -0.259583 0.000000 0.000000 0.000000 0.000000 0.000000 0.000000
60.000016 39.999921 -0.020417 0.000000 0.000000 0.000000 0.000000 0.000000 0.000000
79.999938 39.999921 -0.187917 0.000000 0.000000 0.000000 0.000000 0.000000 0.000000
79.999938 39.999921 0.054583 0.000000 0.000000 0.000000 0.000000 0.000000 0.000000
100.000094 39.999921 -0.122083 0.000000 0.000000 0.000000 0.000000 0.000000 0.000000
100.000094 39.999921 0.120417 0.000000 0.000000 0.000000 0.000000 0.000000 0.000000
120.000016 39.999921 -0.072917 0.000000 0.000000 0.000000 0.000000 0.000000 0.000000
120.000016 39.999921 0.170417 0.000000 0.000000 0.000000 0.000000 0.000000 0.000000
139.999938 39.999921 -0.013750 0.000000 0.000000 0.000000 0.000000 0.000000 0.000000
139.999938 39.999921 0.228750 0.000000 0.000000 0.000000 0.000000 0.000000 0.000000
160.000094 39.999921 -0.022083 0.000000 0.000000 0.000000 0.000000 0.000000 0.000000
160.000094 39.999921 0.233750 0.000000 0.000000 0.000000 0.000000 0.000000 0.000000
0.000016 60.000078 -0.402917 0.000000 0.000000 0.000000 0.000000 0.000000 0.000000
0.000016 60.000078 -0.164583 0.000000 0.000000 0.000000 0.000000 0.000000 0.000000
19.999938 60.000078 -0.352917 0.000000 0.000000 0.000000 0.000000 0.000000 0.000000
19.999938 60.000078 -0.110417 0.000000 0.000000 0.000000 0.000000 0.000000 0.000000
40.000094 60.000078 -0.290417 0.000000 0.000000 0.000000 0.000000 0.000000 0.000000
40.000094 60.000078 -0.052083 0.000000 0.000000 0.000000 0.000000 0.000000 0.000000
60.000016 60.000078 -0.213750 0.000000 0.000000 0.000000 0.000000 0.000000 0.000000
60.000016 60.000078 0.027917 0.000000 0.000000 0.000000 0.000000 0.000000 0.000000
79.999938 60.000078 -0.139583 0.000000 0.000000 0.000000 0.000000 0.000000 0.000000
79.999938 60.000078 0.096250 0.000000 0.000000 0.000000 0.000000 0.000000 0.000000
100.000094 60.000078 -0.098750 0.000000 0.000000 0.000000 0.000000 0.000000 0.000000
100.000094 60.000078 0.140417 0.000000 0.000000 0.000000 0.000000 0.000000 0.000000
120.000016 60.000078 -0.069583 0.000000 0.000000 0.000000 0.000000 0.000000 0.000000
120.000016 60.000078 0.168750 0.000000 0.000000 0.000000 0.000000 0.000000 0.000000
139.999938 60.000078 -0.037083 0.000000 0.000000 0.000000 0.000000 0.000000 0.000000
139.999938 60.000078 0.203750 0.000000 0.000000 0.000000 0.000000 0.000000 0.000000
160.000094 60.000078 -0.015417 0.000000 0.000000 0.000000 0.000000 0.000000 0.000000
160.000094 60.000078 0.227917 0.000000 0.000000 0.000000 0.000000 0.000000 0.000000
0.000016 79.999999 -0.327917 0.000000 0.000000 0.000000 0.000000 0.000000 0.000000
0.000016 79.999999 -0.088750 0.000000 0.000000 0.000000 0.000000 0.000000 0.000000
19.999938 79.999999 -0.284583 0.000000 0.000000 0.000000 0.000000 0.000000 0.000000
19.999938 79.999999 -0.045417 0.000000 0.000000 0.000000 0.000000 0.000000 0.000000
40.000094 79.999999 -0.232917 0.000000 0.000000 0.000000 0.000000 0.000000 0.000000
40.000094 79.999999 0.006250 0.000000 0.000000 0.000000 0.000000 0.000000 0.000000
60.000016 79.999999 -0.161250 0.000000 0.000000 0.000000 0.000000 0.000000 0.000000
60.000016 79.999999 0.082083 0.000000 0.000000 0.000000 0.000000 0.000000 0.000000
79.999938 79.999999 -0.092083 0.000000 0.000000 0.000000 0.000000 0.000000 0.000000
79.999938 79.999999 0.152083 0.000000 0.000000 0.000000 0.000000 0.000000 0.000000
100.000094 79.999999 -0.077917 0.000000 0.000000 0.000000 0.000000 0.000000 0.000000
100.000094 79.999999 0.161250 0.000000 0.000000 0.000000 0.000000 0.000000 0.000000
120.000016 79.999999 -0.047917 0.000000 0.000000 0.000000 0.000000 0.000000 0.000000
120.000016 79.999999 0.189583 0.000000 0.000000 0.000000 0.000000 0.000000 0.000000
139.999938 79.999999 -0.024583 0.000000 0.000000 0.000000 0.000000 0.000000 0.000000
139.999938 79.999999 0.214583 0.000000 0.000000 0.000000 0.000000 0.000000 0.000000
160.000094 79.999999 -0.026250 0.000000 0.000000 0.000000 0.000000 0.000000 0.000000
160.000094 79.999999 0.217083 0.000000 0.000000 0.000000 0.000000 0.000000 0.000000
0.000016 99.999921 -0.249583 0.000000 0.000000 0.000000 0.000000 0.000000 0.000000
0.000016 99.999921 -0.005417 0.000000 0.000000 0.000000 0.000000 0.000000 0.000000
19.999938 99.999921 -0.202917 0.000000 0.000000 0.000000 0.000000 0.000000 0.000000
19.999938 99.999921 0.038750 0.000000 0.000000 0.000000 0.000000 0.000000 0.000000
40.000094 99.999921 -0.159583 0.000000 0.000000 0.000000 0.000000 0.000000 0.000000
40.000094 99.999921 0.090417 0.000000 0.000000 0.000000 0.000000 0.000000 0.000000
60.000016 99.999921 -0.075417 0.000000 0.000000 0.000000 0.000000 0.000000 0.000000
60.000016 99.999921 0.167917 0.000000 0.000000 0.000000 0.000000 0.000000 0.000000
79.999938 99.999921 -0.069583 0.000000 0.000000 0.000000 0.000000 0.000000 0.000000
79.999938 99.999921 0.172917 0.000000 0.000000 0.000000 0.000000 0.000000 0.000000
100.000094 99.999921 -0.059583 0.000000 0.000000 0.000000 0.000000 0.000000 0.000000
100.000094 99.999921 0.181250 0.000000 0.000000 0.000000 0.000000 0.000000 0.000000
120.000016 99.999921 -0.022917 0.000000 0.000000 0.000000 0.000000 0.000000 0.000000
120.000016 99.999921 0.217083 0.000000 0.000000 0.000000 0.000000 0.000000 0.000000
139.999938 99.999921 -0.000417 0.000000 0.000000 0.000000 0.000000 0.000000 0.000000
139.999938 99.999921 0.242917 0.000000 0.000000 0.000000 0.000000 0.000000 0.000000
160.000094 99.999921 0.014583 0.000000 0.000000 0.000000 0.000000 0.000000 0.000000
160.000094 99.999921 0.266250 0.000000 0.000000 0.000000 0.000000 0.000000 0.000000
0.000016 120.000078 -0.161250 0.000000 0.000000 0.000000 0.000000 0.000000 0.000000
0.000016 120.000078 0.084583 0.000000 0.000000 0.000000 0.000000 0.000000 0.000000
19.999938 120.000078 -0.135417 0.000000 0.000000 0.000000 0.000000 0.000000 0.000000
19.999938 120.000078 0.115417 0.000000 0.000000 0.000000 0.000000 0.000000 0.000000
40.000094 120.000078 -0.097917 0.000000 0.000000 0.000000 0.000000 0.000000 0.000000
40.000094 120.000078 0.148750 0.000000 0.000000 0.000000 0.000000 0.000000 0.000000
60.000016 120.000078 -0.068750 0.000000 0.000000 0.000000 0.000000 0.000000 0.000000
60.000016 120.000078 0.176250 0.000000 0.000000 0.000000 0.000000 0.000000 0.000000
79.999938 120.000078 -0.038750 0.000000 0.000000 0.000000 0.000000 0.000000 0.000000
79.999938 120.000078 0.202917 0.000000 0.000000 0.000000 0.000000 0.000000 0.000000
100.000094 120.000078 -0.022083 0.000000 0.000000 0.000000 0.000000 0.000000 0.000000
100.000094 120.000078 0.216250 0.000000 0.000000 0.000000 0.000000 0.000000 0.000000
120.000016 120.000078 -0.013750 0.000000 0.000000 0.000000 0.000000 0.000000 0.000000
120.000016 120.000078 0.224583 0.000000 0.000000 0.000000 0.000000 0.000000 0.000000
139.999938 120.000078 -0.002917 0.000000 0.000000 0.000000 0.000000 0.000000 0.000000
139.999938 120.000078 0.239583 0.000000 0.000000 0.000000 0.000000 0.000000 0.000000
160.000094 120.000078 -0.011250 0.000000 0.000000 0.000000 0.000000 0.000000 0.000000
160.000094 120.000078 0.238750 0.000000 0.000000 0.000000 0.000000 0.000000 0.000000
0.000016 139.999999 -0.110417 0.000000 0.000000 0.000000 0.000000 0.000000 0.000000
0.000016 139.999999 0.143750 0.000000 0.000000 0.000000 0.000000 0.000000 0.000000
19.999938 139.999999 -0.067083 0.000000 0.000000 0.000000 0.000000 0.000000 0.000000
19.999938 139.999999 0.189583 0.000000 0.000000 0.000000 0.000000 0.000000 0.000000
40.000094 139.999999 -0.070417 0.000000 0.000000 0.000000 0.000000 0.000000 0.000000
40.000094 139.999999 0.180417 0.000000 0.000000 0.000000 0.000000 0.000000 0.000000
60.000016 139.999999 -0.047083 0.000000 0.000000 0.000000 0.000000 0.000000 0.000000
60.000016 139.999999 0.197083 0.000000 0.000000 0.000000 0.000000 0.000000 0.000000
79.999938 139.999999 -0.012917 0.000000 0.000000 0.000000 0.000000 0.000000 0.000000
79.999938 139.999999 0.232083 0.000000 0.000000 0.000000 0.000000 0.000000 0.000000
100.000094 139.999999 -0.031250 0.000000 0.000000 0.000000 0.000000 0.000000 0.000000
100.000094 139.999999 0.217917 0.000000 0.000000 0.000000 0.000000 0.000000 0.000000
120.000016 139.999999 -0.027083 0.000000 0.000000 0.000000 0.000000 0.000000 0.000000
120.000016 139.999999 0.220417 0.000000 0.000000 0.000000 0.000000 0.000000 0.000000
139.999938 139.999999 -0.019583 0.000000 0.000000 0.000000 0.000000 0.000000 0.000000
139.999938 139.999999 0.226250 0.000000 0.000000 0.000000 0.000000 0.000000 0.000000
160.000094 139.999999 -0.042083 0.000000 0.000000 0.000000 0.000000 0.000000 0.000000
160.000094 139.999999 0.205417 0.000000 0.000000 0.000000 0.000000 0.000000 0.000000
0.000016 159.999921 -0.101250 0.000000 0.000000 0.000000 0.000000 0.000000 0.000000
0.000016 159.999921 0.152083 0.000000 0.000000 0.000000 0.000000 0.000000 0.000000
19.999938 159.999921 -0.072917 0.000000 0.000000 0.000000 0.000000 0.000000 0.000000
19.999938 159.999921 0.180417 0.000000 0.000000 0.000000 0.000000 0.000000 0.000000
40.000094 159.999921 -0.047083 0.000000 0.000000 0.000000 0.000000 0.000000 0.000000
40.000094 159.999921 0.208750 0.000000 0.000000 0.000000 0.000000 0.000000 0.000000
60.000016 159.999921 -0.034583 0.000000 0.000000 0.000000 0.000000 0.000000 0.000000
60.000016 159.999921 0.218750 0.000000 0.000000 0.000000 0.000000 0.000000 0.000000
79.999938 159.999921 -0.010417 0.000000 0.000000 0.000000 0.000000 0.000000 0.000000
79.999938 159.999921 0.241250 0.000000 0.000000 0.000000 0.000000 0.000000 0.000000
100.000094 159.999921 -0.011250 0.000000 0.000000 0.000000 0.000000 0.000000 0.000000
100.000094 159.999921 0.239583 0.000000 0.000000 0.000000 0.000000 0.000000 0.000000
120.000016 159.999921 -0.013750 0.000000 0.000000 0.000000 0.000000 0.000000 0.000000
120.000016 159.999921 0.235417 0.000000 0.000000 0.000000 0.000000 0.000000 0.000000
139.999938 159.999921 -0.034583 0.000000 0.000000 0.000000 0.000000 0.000000 0.000000
139.999938 159.999921 0.212917 0.000000 0.000000 0.000000 0.000000 0.000000 0.000000
160.000094 159.999921 -0.061250 0.000000 0.000000 0.000000 0.000000 0.000000 0.000000
160.000094 159.999921 0.184583 0.000000 0.000000 0.000000 0.000000 0.000000 0.000000
